,Id,Y
0,10000,-66.00242349023121
1,10001,451.40650440115394
2,10002,-461.6764170602985
3,10003,40.50120875372448
4,10004,-126.7447224540385
5,10005,-342.53455181925204
6,10006,-396.5555421135886
7,10007,335.5412790790882
8,10008,-99.51242087062491
9,10009,304.8125398062759
10,10010,68.89453048978591
11,10011,412.3691954559092
12,10012,54.94237102476755
13,10013,-17.00555075477994
14,10014,-597.8499575722615
15,10015,443.5022887864146
16,10016,144.7744869780436
17,10017,-57.4111636725373
18,10018,134.38782757746293
19,10019,-108.98377598910902
20,10020,153.82482842506806
21,10021,611.7359836022034
22,10022,588.3896503384233
23,10023,-131.0167999580197
24,10024,-61.13562114122826
25,10025,-374.2484953169729
26,10026,74.15799307965446
27,10027,137.43837873610372
28,10028,420.0866117967907
29,10029,196.76562571344516
30,10030,268.4428498005338
31,10031,638.4749102511101
32,10032,127.37873138691799
33,10033,1.3491187584001707
34,10034,22.710453177406855
35,10035,342.23953452256535
36,10036,307.7039669741725
37,10037,348.1382087009416
38,10038,-168.65286130735439
39,10039,-20.22113090461811
40,10040,-551.7499275731109
41,10041,-429.9718040667419
42,10042,261.89195870674354
43,10043,389.8204261292213
44,10044,-96.16562227356602
45,10045,-210.7108012563273
46,10046,278.8818687840131
47,10047,-427.45330103104874
48,10048,-172.9032529175696
49,10049,467.2643783557848
50,10050,-631.55873558744
51,10051,-355.5316593381778
52,10052,143.17327553860454
53,10053,69.1992025989414
54,10054,275.58827397672735
55,10055,-263.18861220410406
56,10056,167.49830723241203
57,10057,104.5778958901417
58,10058,230.07008661007728
59,10059,20.988026644576536
60,10060,-4.822581262502318
61,10061,-201.92294081063756
62,10062,560.0639265657707
63,10063,55.28847625244831
64,10064,671.3015746918347
65,10065,-493.74873828522914
66,10066,-279.3530367325923
67,10067,-53.71252761314608
68,10068,379.6981955009763
69,10069,315.07141085798395
70,10070,169.13001732614254
71,10071,-271.5993032690106
72,10072,783.8022226750342
73,10073,44.57731151554839
74,10074,57.40678005457906
75,10075,-161.07827414306828
76,10076,-220.66957847885746
77,10077,223.2412944292918
78,10078,352.6655955437566
79,10079,13.163291366266677
80,10080,-461.9941469857305
81,10081,305.3721466914244
82,10082,-230.59656173861055
83,10083,359.0744432425444
84,10084,-430.2605633759212
85,10085,-115.54882205546437
86,10086,-88.96006387867413
87,10087,-488.2901898080425
88,10088,-139.35033854713646
89,10089,57.33880810852545
90,10090,-190.33624272166523
91,10091,-6.5080929148235445
92,10092,189.29107774701734
93,10093,346.603678185656
94,10094,871.6273206485918
95,10095,-147.01353738653933
96,10096,443.4899377794315
97,10097,-30.49843297443875
98,10098,185.46345753445857
99,10099,-119.91717151732777
100,10100,43.57523800180913
101,10101,58.31857155224351
102,10102,-197.15246829839913
103,10103,-70.47160678841283
104,10104,-342.8460532886675
105,10105,-29.233589873716614
106,10106,49.52292929610424
107,10107,-16.246144137911603
108,10108,33.77506926160757
109,10109,-68.88307748324128
110,10110,25.863399493696175
111,10111,-617.3142842716964
112,10112,-185.9044130119506
113,10113,323.78310610938786
114,10114,-35.66219572212669
115,10115,-733.5297711613845
116,10116,-240.7385626473599
117,10117,-381.9731466242493
118,10118,75.31994462169516
119,10119,36.6103264591175
120,10120,-28.756270225024252
121,10121,-481.1606279685905
122,10122,408.85023042299053
123,10123,-765.0217471991642
124,10124,178.07269651637122
125,10125,-7.649879385671616
126,10126,134.79684623375823
127,10127,-477.4585142128698
128,10128,-248.7062530132367
129,10129,-361.88465722386417
130,10130,-18.755611748554145
131,10131,7.795604374434637
132,10132,-109.105989725385
133,10133,-63.07374524219491
134,10134,591.8231837349169
135,10135,259.6126336966298
136,10136,-279.8658320087671
137,10137,93.22535940051884
138,10138,-427.28731541913623
139,10139,84.38656633089852
140,10140,-311.54463064415785
141,10141,11.419268612560064
142,10142,-297.83146842358497
143,10143,-331.9289709686444
144,10144,656.0132305257322
145,10145,-476.6626813650553
146,10146,361.1940451337737
147,10147,-150.18526861192328
148,10148,299.94671902432646
149,10149,-191.72143219270615
150,10150,151.94999511612
151,10151,-64.6727578157662
152,10152,351.2448616306327
153,10153,-370.63644575627245
154,10154,349.22498178611147
155,10155,273.5246096168019
156,10156,783.1971843196883
157,10157,-124.23788973573802
158,10158,-155.22004432990866
159,10159,-506.95564938641206
160,10160,201.69321238561636
161,10161,-415.1740571596373
162,10162,-348.16510516956646
163,10163,-201.95224108681077
164,10164,-658.9504470533375
165,10165,179.3464016817153
166,10166,124.06925816168764
167,10167,-209.15025355201755
168,10168,213.70513477400615
169,10169,-82.1172102380904
170,10170,-97.11026989727135
171,10171,124.26800574647946
172,10172,50.289915657144036
173,10173,538.7439592813374
174,10174,630.0175345543364
175,10175,217.25927782654426
176,10176,-491.7337413267087
177,10177,-131.1417511388346
178,10178,362.3930224172942
179,10179,-14.363038055407573
180,10180,-30.2617573616766
181,10181,-107.32358076729898
182,10182,-334.06259292967195
183,10183,299.5063996464324
184,10184,-103.47221484505465
185,10185,179.82049946719468
186,10186,122.2007088790073
187,10187,86.58037161690812
188,10188,386.48256056699273
189,10189,-613.3611745045836
190,10190,-269.81638738346146
191,10191,260.7314512622864
192,10192,-44.620161280427546
193,10193,-159.15717576416677
194,10194,-145.24559879357477
195,10195,447.2282148759994
196,10196,476.3569859695949
197,10197,121.79421345327178
198,10198,-1.5356790561063756
199,10199,410.7440965387795
200,10200,90.82809979964684
201,10201,150.07336956845063
202,10202,24.033652961548214
203,10203,273.8866340536287
204,10204,-154.52926038025174
205,10205,42.58890150706536
206,10206,617.3417063168573
207,10207,38.939360761427615
208,10208,-91.43610119490397
209,10209,225.3532747739108
210,10210,151.0582757708556
211,10211,-86.9166477364608
212,10212,-101.71788958007241
213,10213,161.9377650260555
214,10214,357.87041410354425
215,10215,32.14597818655409
216,10216,-379.14539920029233
217,10217,-165.94213222367242
218,10218,257.4539216945413
219,10219,-124.83850779184186
220,10220,47.084514722991216
221,10221,-67.05065138980335
222,10222,287.173344134164
223,10223,836.2674277701625
224,10224,-78.73329260205516
225,10225,-293.0092291521956
226,10226,284.9163264622564
227,10227,377.9514320082292
228,10228,-473.9426195897222
229,10229,-538.8094549766041
230,10230,-372.90475040318904
231,10231,-83.37700889968718
232,10232,157.46205951911196
233,10233,167.50291456151197
234,10234,-105.69040574319521
235,10235,561.161687917629
236,10236,-149.35531895746925
237,10237,196.9668051235234
238,10238,-33.81991172758074
239,10239,5.199419882337105
240,10240,-121.70842296063267
241,10241,53.47357981737761
242,10242,531.2918938411236
243,10243,-157.6026225893771
244,10244,-183.77196239261266
245,10245,643.8322464256647
246,10246,17.780306010129642
247,10247,-92.07939719460143
248,10248,485.4931646050766
249,10249,-221.23657860793986
250,10250,490.6065050484627
251,10251,-43.677159154248976
252,10252,139.93322987117642
253,10253,207.50447442761163
254,10254,17.092647024359497
255,10255,-396.47203316052963
256,10256,-168.30166761529327
257,10257,-75.59324100124536
258,10258,-292.0735078007693
259,10259,-59.37366534663149
260,10260,247.36904706438497
261,10261,206.83112758185518
262,10262,17.462464464079297
263,10263,-181.81148500656977
264,10264,300.1761509454855
265,10265,-567.6387247955889
266,10266,311.59327285263515
267,10267,-9.929511835494562
268,10268,161.40782304547832
269,10269,272.38559922972337
270,10270,55.12245741942565
271,10271,-15.27826741219716
272,10272,286.4023019429025
273,10273,387.888611943474
274,10274,-148.5788886363852
275,10275,171.95235244839637
276,10276,-411.57059222267884
277,10277,213.8025382707521
278,10278,133.9300243737169
279,10279,-99.01717750124286
280,10280,-162.4172422455818
281,10281,-39.07419011347828
282,10282,-295.1584521832391
283,10283,141.32481354359612
284,10284,163.05983005334468
285,10285,-55.45540146241694
286,10286,-145.7406760935224
287,10287,16.35046243635341
288,10288,-364.29855848282824
289,10289,558.6630187376717
290,10290,40.05066121900736
291,10291,67.63734504296949
292,10292,559.8400846554666
293,10293,469.80694715741674
294,10294,-149.49980105452937
295,10295,-328.82278669969577
296,10296,425.7713170466749
297,10297,85.50466241179349
298,10298,-166.9155370558495
299,10299,-662.2984070393496
300,10300,50.280391653003406
301,10301,-11.355718332960077
302,10302,-451.8112644495327
303,10303,78.67283313413074
304,10304,-386.8187999173562
305,10305,-273.2273830523728
306,10306,352.01504544002296
307,10307,-263.8480409181027
308,10308,-214.73022299361116
309,10309,-84.88115489738546
310,10310,745.8832791254233
311,10311,-418.97510845227566
312,10312,739.1991251661939
313,10313,-469.07742635294716
314,10314,481.8298448656708
315,10315,363.20797478743964
316,10316,-270.2530418207191
317,10317,-399.5921247161323
318,10318,234.45728030706576
319,10319,-38.73469357032687
320,10320,238.36874871850756
321,10321,28.69744199018371
322,10322,238.23095785965475
323,10323,-130.00744030000033
324,10324,-681.2945617788484
325,10325,61.580652959543826
326,10326,-444.92985067095924
327,10327,-14.71320839283986
328,10328,680.4767823428579
329,10329,288.7326064937663
330,10330,839.9704901556727
331,10331,416.6574765191816
332,10332,167.35603728915856
333,10333,-86.77953786706651
334,10334,332.76996760043613
335,10335,-201.33443093425333
336,10336,-43.6250829878413
337,10337,-107.90237779609649
338,10338,-284.035738025171
339,10339,232.60855717832752
340,10340,237.83315171540164
341,10341,74.39980567720349
342,10342,255.51770406364537
343,10343,-168.64961928561027
344,10344,68.56334601629023
345,10345,-365.4419817252605
346,10346,189.70649886094586
347,10347,-369.8332497667098
348,10348,-250.9002439023791
349,10349,76.31355019623201
350,10350,-344.9455092337761
351,10351,-187.42339326812717
352,10352,482.1697569825223
353,10353,125.75266972886008
354,10354,450.6919437521873
355,10355,216.1761901820817
356,10356,34.341935719305184
357,10357,57.51145596121602
358,10358,-211.41949894712653
359,10359,49.76249180949305
360,10360,76.11104020758359
361,10361,-29.196254490440094
362,10362,33.04895852873619
363,10363,364.56271216309995
364,10364,234.4828098731535
365,10365,-21.79655485909251
366,10366,-476.9378770478014
367,10367,43.56765899304602
368,10368,-310.9572136651706
369,10369,-46.941116226037174
370,10370,181.19558107133608
371,10371,-214.96242982007166
372,10372,-80.2270603152222
373,10373,841.2082291657398
374,10374,102.3567870858707
375,10375,37.29773804688136
376,10376,77.39818275960273
377,10377,435.79452149369195
378,10378,111.39479265155651
379,10379,-128.82922415387378
380,10380,573.0501210583959
381,10381,48.60246807791145
382,10382,-68.55414659218825
383,10383,56.68162450583015
384,10384,-360.30993199944004
385,10385,131.9019228345042
386,10386,-264.52589763343053
387,10387,-378.79324972499364
388,10388,-190.0992925997663
389,10389,862.9152130409637
390,10390,159.5764966623117
391,10391,514.0204635801456
392,10392,61.38766780340782
393,10393,720.8758958326596
394,10394,-450.97673103980225
395,10395,105.89444211999661
396,10396,-27.532603044003572
397,10397,-23.435561966771488
398,10398,331.20599829494756
399,10399,-156.02456394824006
400,10400,0.9477018385604944
401,10401,17.232405165319072
402,10402,143.2390841702128
403,10403,53.22645139074792
404,10404,41.01334926979482
405,10405,-129.3925514683476
406,10406,430.91652104593123
407,10407,-427.9096196573556
408,10408,49.11400485209266
409,10409,-221.64758038918885
410,10410,-313.75971218684987
411,10411,115.24452244706926
412,10412,96.10097204453507
413,10413,-399.9159849424215
414,10414,-8.411407923563859
415,10415,733.184132437471
416,10416,-332.42676649165156
417,10417,83.67612042194455
418,10418,339.79274865544215
419,10419,-35.11570131451475
420,10420,38.204335433877866
421,10421,-606.1984890559302
422,10422,194.27285338946217
423,10423,155.0315511615819
424,10424,-111.2564778734821
425,10425,-63.33937163651645
426,10426,403.93581872896334
427,10427,690.9194303358614
428,10428,75.78129943645042
429,10429,-340.31540652357586
430,10430,-195.76159542698127
431,10431,40.44513870875427
432,10432,-137.65418796029246
433,10433,-95.67479658954494
434,10434,290.84353787250427
435,10435,568.4646813472779
436,10436,351.21865075407567
437,10437,194.71516658168443
438,10438,-312.15084208719423
439,10439,-518.310786872449
440,10440,-80.75158048061454
441,10441,-109.91053830578542
442,10442,491.4108364751969
443,10443,371.48514486049373
444,10444,343.8566446684358
445,10445,114.60785397368302
446,10446,-315.2044219098829
447,10447,83.10396509306996
448,10448,-82.59915101774241
449,10449,-182.2190272252772
450,10450,-294.91729245130387
451,10451,-294.2105553148693
452,10452,611.547041735652
453,10453,-34.756134103592096
454,10454,-115.04157690057798
455,10455,263.27933790237796
456,10456,346.05651209283866
457,10457,194.61161526911093
458,10458,257.35614963849423
459,10459,-303.20809492711635
460,10460,-173.19591085705858
461,10461,-88.53983448578352
462,10462,137.6016120001144
463,10463,337.0486492780674
464,10464,155.72523460362706
465,10465,-250.29079290523975
466,10466,148.06340015143428
467,10467,333.6821886093765
468,10468,-260.3363923834268
469,10469,340.3079092279151
470,10470,224.68535571269564
471,10471,-607.2797170619318
472,10472,-54.859592940918034
473,10473,-685.0910817258434
474,10474,268.25827077859344
475,10475,108.79743563388303
476,10476,-233.16761717272155
477,10477,115.89088157850382
478,10478,75.28875461498436
479,10479,312.5869539403424
480,10480,78.42590704679506
481,10481,-509.6307964395842
482,10482,142.15294578474675
483,10483,-567.6096744598851
484,10484,99.19784411012955
485,10485,181.76569364681
486,10486,-27.407098394358982
487,10487,-646.8210508159775
488,10488,-261.6328162502987
489,10489,-398.8768891978148
490,10490,-259.41075205618364
491,10491,-252.0574035679909
492,10492,-25.647967227333677
493,10493,-479.3579494231412
494,10494,109.91068619021978
495,10495,161.94257969114014
496,10496,-436.8071742397559
497,10497,-66.01220442256928
498,10498,-73.60538265407085
499,10499,51.00273944619513
500,10500,7.60968103216489
501,10501,-38.390486731083925
502,10502,493.59597060692937
503,10503,-303.44908054448655
504,10504,285.3630587606862
505,10505,236.93082121946426
506,10506,-112.9028873820915
507,10507,-104.91639705404596
508,10508,70.11071172015325
509,10509,-334.40218077461856
510,10510,-526.1520613513326
511,10511,26.695126681541613
512,10512,16.62507687890706
513,10513,-282.62391868623973
514,10514,-156.76438922324917
515,10515,-368.7038524010557
516,10516,87.26698388397296
517,10517,9.621961449395343
518,10518,159.33855433394982
519,10519,737.8354361900716
520,10520,-63.525614896838896
521,10521,253.39234540406838
522,10522,-195.4792622604796
523,10523,-233.60406275700683
524,10524,672.0430027603308
525,10525,161.0264781163408
526,10526,-86.9238858837826
527,10527,767.449937631787
528,10528,300.14345470154166
529,10529,-264.6332621205317
530,10530,506.80692249836846
531,10531,413.7325757860605
532,10532,-227.9556542045876
533,10533,270.7218219182454
534,10534,166.2721453884312
535,10535,467.8359469952983
536,10536,691.0141927413326
537,10537,-235.1955016257744
538,10538,-204.49475633783572
539,10539,235.56549902567036
540,10540,481.50822898950327
541,10541,-404.2863716261711
542,10542,499.6345988790237
543,10543,-280.4236242835581
544,10544,349.635357012774
545,10545,56.27921855932632
546,10546,377.78382419955216
547,10547,58.239294125082395
548,10548,424.299812174649
549,10549,85.80041244154783
550,10550,-252.9928885245903
551,10551,172.8678449550211
552,10552,-190.10660020571595
553,10553,306.96428652366995
554,10554,-179.11766493342523
555,10555,-155.77590494004858
556,10556,-208.75257057910946
557,10557,-257.4259780204177
558,10558,-187.8870804578446
559,10559,178.9596858980328
560,10560,769.2994246067668
561,10561,131.4540049564637
562,10562,-86.33605847725562
563,10563,-440.789694128799
564,10564,522.2063378416937
565,10565,74.26044537058789
566,10566,-273.3451908082491
567,10567,23.885483202722416
568,10568,-140.88619011673723
569,10569,337.4418933254645
570,10570,63.425120244032506
571,10571,-78.12104360563887
572,10572,-209.41596150610775
573,10573,-354.30221699578993
574,10574,261.54958940727454
575,10575,252.7847530350222
576,10576,415.3327934963982
577,10577,-341.41062177496275
578,10578,-101.54306561728953
579,10579,-82.98003734434684
580,10580,-146.19185945083157
581,10581,-400.95700950885094
582,10582,114.68810161530752
583,10583,-318.409449172842
584,10584,-27.128651113152866
585,10585,253.39206355032326
586,10586,-15.16159723590915
587,10587,490.2763101566996
588,10588,67.16055415515999
589,10589,-583.6536301606628
590,10590,566.8292227808805
591,10591,-659.7840206113425
592,10592,-280.3445865766315
593,10593,-618.4849576034646
594,10594,-403.0815217720831
595,10595,52.580795867776665
596,10596,154.13724781790623
597,10597,-187.18724588645836
598,10598,45.06432286401812
599,10599,389.86980245897763
600,10600,497.4944277009735
601,10601,-172.6046614569701
602,10602,-199.48804830691236
603,10603,146.3321354045879
604,10604,-745.9314211823652
605,10605,-230.93578234679637
606,10606,-157.73768823510525
607,10607,170.5558567216059
608,10608,58.528195791274086
609,10609,21.778235377084343
610,10610,-33.845432388595135
611,10611,527.0115321450187
612,10612,370.35979324782176
613,10613,-83.70884929336698
614,10614,-297.8667818275181
615,10615,379.63004164090444
616,10616,-194.49981867886368
617,10617,-59.08115423923997
618,10618,-59.050741456084694
619,10619,-265.79533104064114
620,10620,-488.3242148449638
621,10621,-28.133316815095405
622,10622,-110.89724251664028
623,10623,642.5198198743138
624,10624,-25.104958245574597
625,10625,368.27465472014774
626,10626,274.79921352704275
627,10627,416.5261293363844
628,10628,110.57324867984353
629,10629,561.3783520521674
630,10630,497.14376211577775
631,10631,-201.60987734450947
632,10632,-370.0522982615882
633,10633,731.0573724235976
634,10634,-380.13707915516886
635,10635,-200.60251550520996
636,10636,272.08601189375463
637,10637,269.8405899107625
638,10638,-243.56399508534471
639,10639,-80.64209434586866
640,10640,-467.97701289855405
641,10641,384.1033091717151
642,10642,-158.5146407643813
643,10643,-321.142908979082
644,10644,-72.30709812158368
645,10645,244.8965010486315
646,10646,-111.76687989927683
647,10647,-71.30354161628648
648,10648,-97.14900534513912
649,10649,387.9928529444641
650,10650,134.0797608254548
651,10651,-372.72453971834545
652,10652,-153.89734891410572
653,10653,376.05572467830694
654,10654,-45.06699972728175
655,10655,29.111024201618093
656,10656,-164.3884137139252
657,10657,291.3802875570238
658,10658,-389.64290898924725
659,10659,-145.45381366072775
660,10660,276.5061419927239
661,10661,-134.0938109171907
662,10662,82.9481115548118
663,10663,143.77337061052768
664,10664,230.85377823040838
665,10665,649.8980469913486
666,10666,188.10011410399215
667,10667,170.7722161437634
668,10668,-533.8474844790474
669,10669,-516.1349688253717
670,10670,-356.7869746721651
671,10671,480.9037432056485
672,10672,-54.53599296167665
673,10673,-272.6605720403796
674,10674,-89.16369341976643
675,10675,-97.40004082496222
676,10676,-264.29803775062555
677,10677,-558.8516759610407
678,10678,-18.223173989824655
679,10679,238.6833785879812
680,10680,-107.49682687897572
681,10681,-439.7371496922753
682,10682,-366.0873776204504
683,10683,540.474402291901
684,10684,-335.91922953999085
685,10685,128.98481364662396
686,10686,-360.46505927788473
687,10687,-211.01458656819995
688,10688,115.70383605399755
689,10689,-723.6333562247719
690,10690,380.89392210560953
691,10691,24.30096980575375
692,10692,-145.3876145274097
693,10693,-157.28295617853792
694,10694,134.103360036731
695,10695,215.95710077116397
696,10696,-310.2061637343901
697,10697,18.018883693842913
698,10698,-287.1696947296569
699,10699,-244.82888943623962
700,10700,-126.15190632103052
701,10701,-276.851033697201
702,10702,-63.90282319538483
703,10703,-268.2907419843644
704,10704,80.99060618707696
705,10705,135.49197649147905
706,10706,265.86171737073806
707,10707,290.15338931857406
708,10708,72.85750706987731
709,10709,-88.64501838284401
710,10710,-562.5238017086139
711,10711,-257.96859166459325
712,10712,-88.32818773227648
713,10713,-608.9048913545769
714,10714,16.648129846868663
715,10715,-117.99664144508718
716,10716,244.48813585825107
717,10717,60.961320646526495
718,10718,640.8504726114285
719,10719,15.073592658661745
720,10720,135.00644430477374
721,10721,39.52337453323195
722,10722,86.44560574134395
723,10723,20.33765461545439
724,10724,217.44242023198024
725,10725,-8.574845990248189
726,10726,172.3975873174
727,10727,-326.0037487732917
728,10728,347.58134072403834
729,10729,128.95803909114775
730,10730,-379.7500886129545
731,10731,-134.706957056627
732,10732,153.56888514342248
733,10733,-72.12278608897068
734,10734,183.30848830572717
735,10735,-456.5387761913809
736,10736,152.27530162599567
737,10737,-20.658280599070782
738,10738,245.62232835465787
739,10739,776.4009728233567
740,10740,-320.14345296022583
741,10741,-479.31970828477796
742,10742,-69.75434860290727
743,10743,-372.01045319605083
744,10744,397.282247381807
745,10745,94.97293025154129
746,10746,-545.8700939849758
747,10747,92.71733084803317
748,10748,456.6232467986971
749,10749,140.33519629204034
750,10750,-542.6167845034427
751,10751,33.25617847305616
752,10752,237.54555311936724
753,10753,-260.514780603774
754,10754,-227.7411780489454
755,10755,-18.374207944644294
756,10756,357.2320793577919
757,10757,234.1686632237942
758,10758,309.0494908647165
759,10759,109.4162090726801
760,10760,297.0462771953378
761,10761,431.28271868977333
762,10762,-285.90275415168486
763,10763,-461.1231850605646
764,10764,458.8411685202926
765,10765,-35.132478657934534
766,10766,-138.9667786727803
767,10767,435.87811135413955
768,10768,-327.5517324812431
769,10769,-16.175842225601883
770,10770,32.68738315097069
771,10771,-143.1103609361335
772,10772,-82.91163796819328
773,10773,-26.395849579089667
774,10774,-295.90654248377086
775,10775,-300.9445513092779
776,10776,-157.03746176056225
777,10777,-444.1054251705687
778,10778,55.542959233744874
779,10779,136.09573343373833
780,10780,-59.93423441413747
781,10781,774.7869393558561
782,10782,-291.8214694025428
783,10783,449.6545133580529
784,10784,-231.20082491305251
785,10785,88.18058840405197
786,10786,511.6823816159462
787,10787,27.698913991855036
788,10788,69.71900343078617
789,10789,-684.0304286748215
790,10790,-181.1657541891065
791,10791,-592.2856835316281
792,10792,-326.37230449136877
793,10793,527.5739554313378
794,10794,-175.98223228892573
795,10795,555.3273243262518
796,10796,-40.06219256947676
797,10797,-242.9096118442574
798,10798,466.4750098322102
799,10799,209.72657821779956
800,10800,112.47399028633869
801,10801,655.9597092112741
802,10802,-253.67288201365193
803,10803,-143.14006436902662
804,10804,261.9090334491251
805,10805,-51.43052462098891
806,10806,-646.5343714931221
807,10807,-114.1173064551287
808,10808,126.14931118008043
809,10809,204.59346285899665
810,10810,-300.3936136583138
811,10811,-415.68674588953894
812,10812,6.449152884280938
813,10813,72.80107777482907
814,10814,160.66087208145285
815,10815,249.31168929181794
816,10816,-248.28534524656294
817,10817,7.830629922613378
818,10818,-466.3838270166604
819,10819,290.1514440446011
820,10820,-309.0332065633405
821,10821,528.6916611956277
822,10822,372.4938479322534
823,10823,-328.0862663096858
824,10824,-94.6587340772506
825,10825,55.569194140457945
826,10826,67.34382419031711
827,10827,-533.668381249131
828,10828,-128.10863350344803
829,10829,-542.9948584464198
830,10830,54.634639672579574
831,10831,182.66043483267882
832,10832,-41.29948573089262
833,10833,652.8127633917362
834,10834,-336.9657807378886
835,10835,99.96282019773786
836,10836,811.7900163367075
837,10837,-346.2521160652992
838,10838,103.69087960098466
839,10839,487.7360812633337
840,10840,120.89569101399064
841,10841,-324.32967405436824
842,10842,-136.4121297121454
843,10843,-41.92443003097676
844,10844,282.70298658023313
845,10845,345.6203289702048
846,10846,124.69798534752367
847,10847,-206.11335283373484
848,10848,155.93998583214113
849,10849,-443.76722994338496
850,10850,-273.3430034005974
851,10851,195.95033081854606
852,10852,-30.690040851399893
853,10853,86.56778659815275
854,10854,-312.211361889497
855,10855,41.00524696145846
856,10856,307.6751801999472
857,10857,532.9059494214054
858,10858,260.16168056338097
859,10859,362.0055075337366
860,10860,101.32898120196666
861,10861,38.44129613989348
862,10862,20.267674753903353
863,10863,117.44024988074587
864,10864,573.6911827078569
865,10865,-507.59205851450184
866,10866,-211.76962671045683
867,10867,-78.39989740428216
868,10868,-319.5737676595744
869,10869,-267.446564418334
870,10870,-780.8570319676239
871,10871,50.22998055644335
872,10872,-298.5490108171666
873,10873,23.39238652311812
874,10874,-76.29059741014893
875,10875,-257.5974704642537
876,10876,171.56436509796612
877,10877,-121.60078316249063
878,10878,-451.37377685543026
879,10879,81.1353388426832
880,10880,-212.5524931714268
881,10881,-3.5349272290953517
882,10882,-408.25548100018705
883,10883,-158.65133194465716
884,10884,238.39834201613203
885,10885,-133.03572327369858
886,10886,-266.08408260606456
887,10887,247.7427043819478
888,10888,347.9665442832376
889,10889,-511.3152428108671
890,10890,21.81587121501896
891,10891,-163.84140964229044
892,10892,-472.56083639704957
893,10893,-365.00826715123736
894,10894,272.4371379322404
895,10895,92.37376374891514
896,10896,491.80814568465155
897,10897,-200.03605813581063
898,10898,144.31490824987435
899,10899,-554.3580524200007
900,10900,-449.35755789415913
901,10901,565.0154801799606
902,10902,446.3187580746216
903,10903,309.69738818741416
904,10904,282.9279414077528
905,10905,176.19762818996753
906,10906,-315.1418517603806
907,10907,612.3377931152997
908,10908,274.25223124773174
909,10909,-19.43617305856462
910,10910,404.6254477705251
911,10911,47.26648142698532
912,10912,101.89624080960553
913,10913,98.14809562777744
914,10914,-231.3525824437214
915,10915,136.33612319164322
916,10916,-150.3100592679485
917,10917,461.19954997878955
918,10918,145.69015888427208
919,10919,-405.82374187555973
920,10920,-405.5525658750981
921,10921,213.67394365056086
922,10922,-204.80364027314357
923,10923,-118.57063791050955
924,10924,675.2302648290728
925,10925,145.16198786853352
926,10926,489.6870020199623
927,10927,-173.7655745936925
928,10928,89.6916846528364
929,10929,239.01179154230994
930,10930,-68.18000068660257
931,10931,93.66677561513195
932,10932,-196.55301722008434
933,10933,-711.7534447200957
934,10934,-104.15023991148874
935,10935,55.73003950122978
936,10936,74.24035058478677
937,10937,625.7495908769064
938,10938,234.98688486875392
939,10939,221.59294793875668
940,10940,61.931591756794205
941,10941,239.7364483344373
942,10942,-21.338081818316837
943,10943,180.16473629709049
944,10944,14.91862799549894
945,10945,-374.8656883482515
946,10946,-397.5149288584036
947,10947,114.6669084321623
948,10948,-269.61622879894225
949,10949,0.13921221449029594
950,10950,-34.5948467606926
951,10951,72.73402122668035
952,10952,-188.805563139038
953,10953,-365.5336719234541
954,10954,-67.59552255426581
955,10955,19.501170139179976
956,10956,212.78259013823467
957,10957,170.72284688263187
958,10958,48.75605588201935
959,10959,-239.44652279164717
960,10960,409.7382051551789
961,10961,399.8680056503103
962,10962,18.693100459976733
963,10963,165.76697195984383
964,10964,-124.3894534967112
965,10965,54.99452321278792
966,10966,640.4320745648708
967,10967,7.578792735556352
968,10968,-265.0476304100115
969,10969,1.692733091094613
970,10970,18.517133621268453
971,10971,-248.85163930169313
972,10972,106.86193154650866
973,10973,251.63914312091
974,10974,133.8377395364072
975,10975,-358.26696137693216
976,10976,426.2614473176432
977,10977,71.97842246974089
978,10978,-322.0875596252214
979,10979,438.84026750159467
980,10980,-40.13211449134148
981,10981,283.80356865292595
982,10982,-487.90619533258786
983,10983,-86.93302825214953
984,10984,-470.85015109169024
985,10985,73.1464827731527
986,10986,-688.3900989408002
987,10987,392.4785675660408
988,10988,-328.6310374955379
989,10989,149.3916006346909
990,10990,321.7931147606066
991,10991,584.3930870450635
992,10992,206.75729570024865
993,10993,36.54822599700849
994,10994,-37.77828521118788
995,10995,-551.0517094651386
996,10996,-107.85120387757078
997,10997,-176.8060279535324
998,10998,-356.8894911731826
999,10999,418.4145841124783
1000,11000,-26.133496016983294
1001,11001,-213.90951362803025
1002,11002,246.57978881987785
1003,11003,-32.011024949712805
1004,11004,-126.73258849582533
1005,11005,26.914491557620455
1006,11006,198.9219737629527
1007,11007,-18.843554414706798
1008,11008,-119.51484607642188
1009,11009,-389.9037605310747
1010,11010,-149.50928607147995
1011,11011,-308.9620302146945
1012,11012,-478.7771604137539
1013,11013,-616.7291412522806
1014,11014,-25.890829611384884
1015,11015,-133.1765903168629
1016,11016,-633.0587252293209
1017,11017,-32.26329474560782
1018,11018,28.79581958169385
1019,11019,-290.0013236406619
1020,11020,-168.02496539200246
1021,11021,-173.84102001973855
1022,11022,107.27955415166504
1023,11023,278.3287852070006
1024,11024,164.73665181591338
1025,11025,596.7860199506165
1026,11026,737.7802177171235
1027,11027,-57.04439870388687
1028,11028,-20.381913027885105
1029,11029,193.11140830024652
1030,11030,150.95242220368223
1031,11031,-340.8779258558669
1032,11032,207.55657024653766
1033,11033,-27.674726125891535
1034,11034,-146.95165736571352
1035,11035,-121.88066829612603
1036,11036,144.4795053298915
1037,11037,333.20953167889667
1038,11038,-452.5131209680464
1039,11039,-208.53684674422323
1040,11040,265.84494752360945
1041,11041,-86.19645950050129
1042,11042,-456.0106179223637
1043,11043,-377.7300472014271
1044,11044,277.55668897045547
1045,11045,-98.28816556864486
1046,11046,-258.6774182328506
1047,11047,508.5130216465923
1048,11048,-27.829466767413688
1049,11049,-397.8382252241883
1050,11050,27.294231548043076
1051,11051,55.46090696291159
1052,11052,86.52443961502716
1053,11053,-417.7182670641669
1054,11054,265.07469217437034
1055,11055,126.49537980057357
1056,11056,-731.2337998933447
1057,11057,26.768529070431846
1058,11058,15.172424965472137
1059,11059,603.1491770539619
1060,11060,-68.51036908576
1061,11061,-630.1588497389272
1062,11062,391.439895045171
1063,11063,191.26739771271434
1064,11064,-82.79915889804491
1065,11065,874.2798355716836
1066,11066,130.10220965607945
1067,11067,24.825257629838703
1068,11068,10.01568455553004
1069,11069,407.5535519509861
1070,11070,184.93372244983755
1071,11071,699.401340355085
1072,11072,12.874182171248798
1073,11073,-569.7950312054745
1074,11074,-60.618267530272774
1075,11075,-96.5894429258616
1076,11076,19.660708357383573
1077,11077,30.225969050066436
1078,11078,-107.06858214835728
1079,11079,-23.44815302330908
1080,11080,-16.56348975511402
1081,11081,18.767317998586634
1082,11082,145.95038182220605
1083,11083,-428.102756600921
1084,11084,-158.17477611037327
1085,11085,-44.37808089678752
1086,11086,-411.2997705448302
1087,11087,218.42101808202509
1088,11088,141.24530784475232
1089,11089,316.6347559705915
1090,11090,93.68023982535564
1091,11091,154.16405402565485
1092,11092,-132.92025023590983
1093,11093,-293.87357139530724
1094,11094,485.3063455878772
1095,11095,-271.2294815068558
1096,11096,373.3831471784339
1097,11097,-359.6695987563296
1098,11098,-459.99230445069617
1099,11099,209.05369852328397
1100,11100,46.740083514876154
1101,11101,-767.8965435991802
1102,11102,-153.96946682570643
1103,11103,-66.68289246156866
1104,11104,-15.944035080887272
1105,11105,16.075984344999696
1106,11106,157.0389367015739
1107,11107,585.657863559292
1108,11108,-259.63810597939323
1109,11109,264.4864666930865
1110,11110,171.55865069952858
1111,11111,182.0657255450842
1112,11112,-336.8833733608905
1113,11113,-403.2385387031546
1114,11114,114.5777251079567
1115,11115,161.83644349638908
1116,11116,-628.0447010001045
1117,11117,242.01175305538754
1118,11118,362.8630361176549
1119,11119,60.71370640424388
1120,11120,-359.31123121325857
1121,11121,-379.0818795057259
1122,11122,237.83778494978841
1123,11123,-293.41750913992644
1124,11124,-397.4513792029835
1125,11125,159.58885605132684
1126,11126,365.03747521359645
1127,11127,-720.6128464897369
1128,11128,500.16486577148464
1129,11129,-11.265810006164228
1130,11130,-69.35501502523724
1131,11131,250.86562155967852
1132,11132,-169.30678540802484
1133,11133,120.43720692692646
1134,11134,-39.953157825393106
1135,11135,-520.8790659997453
1136,11136,-631.1061053453735
1137,11137,-189.45128724586797
1138,11138,73.57078736644372
1139,11139,39.63813193628217
1140,11140,-459.8374387751044
1141,11141,4.02907172349639
1142,11142,-197.4488996568182
1143,11143,62.38974256914565
1144,11144,-186.44535236927078
1145,11145,-133.60822019560146
1146,11146,305.0229789528648
1147,11147,-46.0224675921453
1148,11148,-42.28147598500785
1149,11149,-174.6134231397805
1150,11150,-221.8174242781678
1151,11151,-177.5825537147678
1152,11152,-1.6457791602113665
1153,11153,92.19561472892656
1154,11154,380.6366433481237
1155,11155,5.1762855335074125
1156,11156,-43.264137860360634
1157,11157,138.5690976831348
1158,11158,-644.2373399718075
1159,11159,-264.0526485409821
1160,11160,388.0771113359534
1161,11161,-314.57550396753135
1162,11162,68.59577885369708
1163,11163,313.90250595867
1164,11164,-174.13638000550085
1165,11165,75.24506091716579
1166,11166,-48.300496534792025
1167,11167,366.3281349305423
1168,11168,-300.95317522452
1169,11169,52.29547497280727
1170,11170,199.76450852884602
1171,11171,-291.45213888117814
1172,11172,-221.255257141951
1173,11173,-347.63373665011363
1174,11174,-203.16973722566
1175,11175,-377.92297544460456
1176,11176,-39.059901238721494
1177,11177,-27.657708986922895
1178,11178,-4.840069011084557
1179,11179,387.69317018167277
1180,11180,173.07521100861615
1181,11181,932.2704016789728
1182,11182,-79.75948934966311
1183,11183,140.83197737225038
1184,11184,39.68402985812694
1185,11185,443.5242080443135
1186,11186,342.35994872023974
1187,11187,-137.85795258406344
1188,11188,596.3305304911729
1189,11189,207.64692642350775
1190,11190,-628.7444696897288
1191,11191,498.51770649884514
1192,11192,-157.93924874004887
1193,11193,351.1078397657423
1194,11194,21.71133353559997
1195,11195,-147.85882005549394
1196,11196,204.57246274928252
1197,11197,29.474618249413396
1198,11198,121.43392964124513
1199,11199,-565.6199353865661
1200,11200,-229.61058695852756
1201,11201,-46.8044771087427
1202,11202,686.999341350484
1203,11203,-439.37600813835724
1204,11204,-564.3067809262277
1205,11205,-449.44523872061205
1206,11206,-187.01337557795333
1207,11207,63.71447075230597
1208,11208,226.53217961129087
1209,11209,-238.26195886607601
1210,11210,8.031752667966202
1211,11211,-360.6886941851461
1212,11212,-123.99311613868834
1213,11213,-388.8646194630039
1214,11214,21.025862631446003
1215,11215,-301.50187125630447
1216,11216,215.87740831289645
1217,11217,403.51021004979987
1218,11218,435.6976033569264
1219,11219,-107.1009208837222
1220,11220,186.0469207837362
1221,11221,347.5694847398057
1222,11222,258.81395911530575
1223,11223,-431.3756614817951
1224,11224,-169.35938198101962
1225,11225,106.38668004303862
1226,11226,11.406343347778668
1227,11227,362.5962040295643
1228,11228,-602.2073540911477
1229,11229,707.5559184457967
1230,11230,202.17491878205473
1231,11231,-50.33711976765623
1232,11232,-170.32942345324875
1233,11233,-33.31137090394935
1234,11234,194.4298349201159
1235,11235,-358.5893509674067
1236,11236,-212.2653532691776
1237,11237,-291.4211038222634
1238,11238,295.55761894971255
1239,11239,-278.97338727308335
1240,11240,23.65365330011069
1241,11241,-64.46361090683955
1242,11242,-550.5130672413404
1243,11243,541.3432697524747
1244,11244,95.06333041131295
1245,11245,14.598207374633251
1246,11246,108.60883519127071
1247,11247,-390.9747091142427
1248,11248,358.6664196609001
1249,11249,-656.737371354634
1250,11250,39.621704040649796
1251,11251,-112.10781397641874
1252,11252,-3.996618183604262
1253,11253,-399.34877852946744
1254,11254,-189.94215830266893
1255,11255,25.705003254619
1256,11256,-514.3423090508971
1257,11257,42.90338899647137
1258,11258,-18.932652421564686
1259,11259,-109.32309649965742
1260,11260,-32.89909171394747
1261,11261,-543.8120026538542
1262,11262,402.3710870309694
1263,11263,36.244315379427256
1264,11264,228.30407580009472
1265,11265,346.3830222771369
1266,11266,-401.2227069906849
1267,11267,54.05719773136569
1268,11268,6.862233348083052
1269,11269,-3.8120805658929435
1270,11270,-445.45149197388855
1271,11271,162.08751874326842
1272,11272,176.36752501387218
1273,11273,-516.9719819284381
1274,11274,189.99316009348956
1275,11275,-164.4571279651933
1276,11276,174.20994712832777
1277,11277,-510.0297763148843
1278,11278,174.78488510987222
1279,11279,-352.7463243272843
1280,11280,-145.46097708961722
1281,11281,456.97186117066366
1282,11282,-463.5148906726287
1283,11283,-363.58427640439356
1284,11284,-157.84808228490252
1285,11285,-195.3606096202616
1286,11286,152.040687756855
1287,11287,-197.09226766881764
1288,11288,36.48096536871973
1289,11289,993.2248779784699
1290,11290,-387.0287931868164
1291,11291,-6.616510882802357
1292,11292,-272.0688608858409
1293,11293,-138.59954551011197
1294,11294,-105.03944861259997
1295,11295,-21.529524404723606
1296,11296,91.05719915023023
1297,11297,-65.79119714947218
1298,11298,164.47287710093659
1299,11299,-17.997827027464233
1300,11300,783.8866597139155
1301,11301,-339.23112472431353
1302,11302,-196.4845636178356
1303,11303,357.21849540968384
1304,11304,186.3106252115682
1305,11305,138.094103684032
1306,11306,-11.632461477737113
1307,11307,175.80916373420322
1308,11308,-224.61734983236303
1309,11309,68.85579641186771
1310,11310,201.21113139003887
1311,11311,257.87114287716275
1312,11312,-432.8705595172992
1313,11313,-893.9998008184409
1314,11314,671.8650784658586
1315,11315,-143.3726491912167
1316,11316,622.2386586662826
1317,11317,179.3844262904715
1318,11318,553.7744088919071
1319,11319,133.39922116403955
1320,11320,-278.7634418316653
1321,11321,-316.62804095298543
1322,11322,503.4156628826664
1323,11323,282.6871359966568
1324,11324,-192.34979075415202
1325,11325,-266.5062159351744
1326,11326,28.442092691972785
1327,11327,-502.8106644889358
1328,11328,-284.897167817741
1329,11329,334.3253961027052
1330,11330,131.8555942163117
1331,11331,-163.06900527507
1332,11332,207.69781044505186
1333,11333,84.53775535541807
1334,11334,26.25962906610292
1335,11335,-255.92213730636658
1336,11336,51.28290274248182
1337,11337,-102.0496214623135
1338,11338,160.43430410628517
1339,11339,285.39335595630996
1340,11340,-58.84096452168178
1341,11341,103.10534910666028
1342,11342,-294.31129301873403
1343,11343,376.9074907782753
1344,11344,69.80186693396931
1345,11345,866.0001885226105
1346,11346,-39.37289658053914
1347,11347,64.61420289331822
1348,11348,-169.65603416906652
1349,11349,-545.1873976320013
1350,11350,-61.76963684753736
1351,11351,-497.3202845338077
1352,11352,462.2911105292887
1353,11353,-153.26914250955505
1354,11354,-206.0069414591045
1355,11355,-139.67967903899984
1356,11356,-86.31603500008445
1357,11357,589.4439429065616
1358,11358,213.3916236546718
1359,11359,160.84269205249947
1360,11360,189.14311879095598
1361,11361,-353.62333168120455
1362,11362,-195.46146888134948
1363,11363,-130.97048784757067
1364,11364,-411.897848210709
1365,11365,339.5361109610366
1366,11366,278.70802857875634
1367,11367,262.53933089099513
1368,11368,-182.31524737855935
1369,11369,312.5925398843077
1370,11370,292.5069660284911
1371,11371,-191.3981291302161
1372,11372,97.19896589042865
1373,11373,-323.062451969349
1374,11374,-641.6335236830936
1375,11375,34.404317785941906
1376,11376,332.61463954493934
1377,11377,374.39429080114405
1378,11378,79.74057443698293
1379,11379,-175.66454148011758
1380,11380,161.8497799905452
1381,11381,247.70962726908022
1382,11382,90.73858219235926
1383,11383,406.919542782726
1384,11384,-128.29338404491466
1385,11385,131.27330755535655
1386,11386,729.3094416276263
1387,11387,721.9516507762642
1388,11388,-177.94000063372474
1389,11389,709.5229020169675
1390,11390,68.44182794627675
1391,11391,-488.0481067137059
1392,11392,152.74593914617523
1393,11393,-239.25028478333581
1394,11394,-147.28095714479625
1395,11395,-45.20831857564688
1396,11396,-222.1244934454279
1397,11397,-332.6152838819188
1398,11398,-119.36737582300537
1399,11399,411.59761537416557
1400,11400,165.38288375398972
1401,11401,488.2754656867209
1402,11402,224.14489930098833
1403,11403,57.12319327873981
1404,11404,264.6650201978728
1405,11405,-126.75098294470872
1406,11406,-376.2060205940088
1407,11407,48.7913739177848
1408,11408,420.1980640051414
1409,11409,-415.55963971310837
1410,11410,-45.07267871498932
1411,11411,-169.4855745354327
1412,11412,744.9633226613828
1413,11413,-534.1845713199511
1414,11414,-151.03112809100878
1415,11415,577.9358654693673
1416,11416,46.726387390609894
1417,11417,311.55408180562114
1418,11418,357.30637658810633
1419,11419,265.41273843983964
1420,11420,-253.59736902535138
1421,11421,-473.8813440500312
1422,11422,12.688444605876166
1423,11423,-132.56426690048835
1424,11424,72.47381920347894
1425,11425,217.43580522922448
1426,11426,-335.77852011220773
1427,11427,-262.20462447685316
1428,11428,95.51698320910141
1429,11429,-209.18192024536089
1430,11430,456.6356734923438
1431,11431,308.43056019746626
1432,11432,-28.853731125681755
1433,11433,-358.51784715108187
1434,11434,128.31172677442618
1435,11435,145.62472438145957
1436,11436,95.66700803418374
1437,11437,268.2835409130816
1438,11438,-466.9244162464657
1439,11439,-314.32094969127
1440,11440,344.740664886279
1441,11441,220.7075581367107
1442,11442,-578.4755239012412
1443,11443,174.80907811479486
1444,11444,399.9414839607339
1445,11445,732.6720966332525
1446,11446,667.3027303329159
1447,11447,-63.09651298272045
1448,11448,245.90652202892144
1449,11449,21.73019301949096
1450,11450,-248.6526404247263
1451,11451,-197.0407550517403
1452,11452,-282.04647226508365
1453,11453,-81.15238925755492
1454,11454,52.36536160378584
1455,11455,-2.2571267781341335
1456,11456,-758.8756116063792
1457,11457,213.49145912248997
1458,11458,-169.27147826397487
1459,11459,184.72028865201415
1460,11460,256.56430497475293
1461,11461,-63.2488977765199
1462,11462,-272.7178718373249
1463,11463,135.79446347148945
1464,11464,455.7807433953069
1465,11465,-129.35637652171812
1466,11466,62.87337039221893
1467,11467,-386.8529378948042
1468,11468,267.2276588361112
1469,11469,287.24118692262914
1470,11470,-52.099728652586194
1471,11471,76.40695664839136
1472,11472,-138.16215089738017
1473,11473,203.55614864230628
1474,11474,15.48871102026489
1475,11475,-5.968082516968531
1476,11476,-31.64414259096894
1477,11477,221.56630230692502
1478,11478,-687.0023182063179
1479,11479,483.7842231435421
1480,11480,958.0223790880736
1481,11481,191.5960609293119
1482,11482,-58.589705574536524
1483,11483,259.4623062040444
1484,11484,-6.316757561911865
1485,11485,-270.2884690000889
1486,11486,-772.4642296251152
1487,11487,-146.463319261998
1488,11488,-37.78146099301444
1489,11489,331.5519575822501
1490,11490,570.4745741117815
1491,11491,-182.59989627575297
1492,11492,-356.0940866069385
1493,11493,84.14295121036325
1494,11494,-115.72664179916733
1495,11495,431.89838199541043
1496,11496,-39.02760836085618
1497,11497,28.163383062947208
1498,11498,-54.06385343329365
1499,11499,-259.96553784016356
1500,11500,157.6968782048085
1501,11501,-451.57353618095465
1502,11502,482.55650486877465
1503,11503,242.5569452091011
1504,11504,-588.1137438098035
1505,11505,81.01709689599481
1506,11506,325.4067394440319
1507,11507,-22.05223515065508
1508,11508,-296.27850419733204
1509,11509,299.0519135861386
1510,11510,468.26993122394856
1511,11511,-99.60746951487849
1512,11512,5.278085447168273
1513,11513,-101.94715017071009
1514,11514,172.81543496338972
1515,11515,-676.7207529529085
1516,11516,-85.33458519818835
1517,11517,117.543695716482
1518,11518,-83.62878738830493
1519,11519,179.75562770163538
1520,11520,-83.35296347452842
1521,11521,-21.419178952217482
1522,11522,292.1247462432764
1523,11523,-100.16396087765091
1524,11524,-295.44507824255777
1525,11525,-196.19961546096408
1526,11526,-90.40349798566025
1527,11527,-58.11412409491183
1528,11528,-400.379344697644
1529,11529,236.32717532971475
1530,11530,-312.004890539451
1531,11531,448.8990473727653
1532,11532,202.73550507695384
1533,11533,94.92875456289629
1534,11534,60.24730791751013
1535,11535,-149.43663249088462
1536,11536,406.78338146580205
1537,11537,600.8120265364331
1538,11538,-23.263559460763407
1539,11539,-565.3127069056466
1540,11540,156.44069172561228
1541,11541,648.6215466239545
1542,11542,405.71979646874365
1543,11543,261.80583136930034
1544,11544,22.356083935017256
1545,11545,238.41247473228898
1546,11546,164.5680237527031
1547,11547,-83.34674114858366
1548,11548,209.77491982449413
1549,11549,-198.9743774153073
1550,11550,-78.73473210337364
1551,11551,27.73248810192432
1552,11552,450.3167950749103
1553,11553,-78.31520558005127
1554,11554,-267.638906333802
1555,11555,348.3318744546586
1556,11556,-404.45503917406865
1557,11557,330.0959394936932
1558,11558,-532.9705587435975
1559,11559,530.1667228331
1560,11560,-741.0568046410547
1561,11561,478.64952344734166
1562,11562,164.6318792135608
1563,11563,-449.7107531471205
1564,11564,-412.1148110783417
1565,11565,219.12773907510726
1566,11566,-378.68930950300427
1567,11567,368.73338805453363
1568,11568,37.33842695846801
1569,11569,396.4934950040539
1570,11570,-29.329794718535545
1571,11571,35.475251839091214
1572,11572,-267.2910755568147
1573,11573,-417.34657979130935
1574,11574,-250.30106527663668
1575,11575,-228.95720009218653
1576,11576,692.2513473375068
1577,11577,-411.1573720657525
1578,11578,482.3211788825018
1579,11579,109.40386922308758
1580,11580,547.6205815138991
1581,11581,179.88426508469308
1582,11582,-521.5793101895107
1583,11583,-0.5366722202083785
1584,11584,-1.3108832742812702
1585,11585,-248.05083145629592
1586,11586,-243.06806182013318
1587,11587,199.56730075170157
1588,11588,381.3240432569331
1589,11589,-393.1688038873977
1590,11590,138.2324527613487
1591,11591,34.24105569798966
1592,11592,-4.629154614118587
1593,11593,-151.86193128196015
1594,11594,335.54637222708914
1595,11595,-93.1452980827059
1596,11596,507.75321866389686
1597,11597,-355.4656205338214
1598,11598,143.0897843816091
1599,11599,137.94688403627032
1600,11600,-151.04600604389756
1601,11601,-19.601773692468658
1602,11602,105.84882713406188
1603,11603,-172.78518998126498
1604,11604,482.1272637099977
1605,11605,-267.5391741332563
1606,11606,39.90555578613019
1607,11607,-52.85579653107446
1608,11608,-21.222446731207825
1609,11609,155.37989346108475
1610,11610,-96.06927783501557
1611,11611,-163.1753040969976
1612,11612,-180.36573977355087
1613,11613,-264.6784345235996
1614,11614,171.42795164643732
1615,11615,-11.4577133629406
1616,11616,239.99734190689605
1617,11617,-39.84995383841673
1618,11618,-211.7416065579579
1619,11619,-354.16935617356523
1620,11620,72.4794629520893
1621,11621,306.82020444019395
1622,11622,10.710238479162362
1623,11623,-367.9516429972724
1624,11624,280.9986782848999
1625,11625,607.134278995202
1626,11626,226.0786669570703
1627,11627,565.9296380146843
1628,11628,-147.76747216989887
1629,11629,-314.03756027490556
1630,11630,-180.04553525209045
1631,11631,51.27097737987273
1632,11632,-118.8198422141357
1633,11633,-258.2606219427467
1634,11634,-229.83713020204425
1635,11635,200.36475862315348
1636,11636,-348.0714175640102
1637,11637,-584.8608659725462
1638,11638,-4.929876831026698
1639,11639,-163.44221481669965
1640,11640,87.0275192985704
1641,11641,41.566635043453196
1642,11642,-494.89046377701607
1643,11643,-60.88771120297711
1644,11644,-173.551369719751
1645,11645,181.26452118021413
1646,11646,-51.325709086771994
1647,11647,43.950997305181744
1648,11648,-517.9818134858797
1649,11649,-355.55266690328494
1650,11650,272.40216687734056
1651,11651,490.6303834469729
1652,11652,-37.234706867821586
1653,11653,100.19178117716113
1654,11654,32.264743116670886
1655,11655,342.3839958945958
1656,11656,-274.38399640567155
1657,11657,-461.5994801818379
1658,11658,399.11781881563155
1659,11659,59.941662419265946
1660,11660,-119.02693796298054
1661,11661,-281.70905159749066
1662,11662,-127.62868444831919
1663,11663,-556.5819101778264
1664,11664,-79.37923441221729
1665,11665,-84.2839875517499
1666,11666,-212.85815433361944
1667,11667,72.29858467981222
1668,11668,-416.45899892038227
1669,11669,-151.39277066781878
1670,11670,-112.94325746656799
1671,11671,-386.9976053679829
1672,11672,553.3497133654182
1673,11673,-80.93783458087151
1674,11674,265.6051645120167
1675,11675,498.0645050415467
1676,11676,447.88340767692637
1677,11677,-162.95338863409006
1678,11678,121.20351520651872
1679,11679,106.0234284584323
1680,11680,340.50635541497417
1681,11681,4.314416762780162
1682,11682,-92.64783669165593
1683,11683,-354.12957712883616
1684,11684,214.00747653242436
1685,11685,-345.69142874226134
1686,11686,-271.8022086291172
1687,11687,426.30907737815346
1688,11688,-37.7575071705215
1689,11689,-180.46345723783529
1690,11690,-97.58231078807279
1691,11691,347.8223132335279
1692,11692,-237.01309080397778
1693,11693,118.12311870118728
1694,11694,681.4766679385027
1695,11695,275.6633448909273
1696,11696,185.16481639957357
1697,11697,-13.159363367315764
1698,11698,274.0722474871902
1699,11699,178.76102965588237
1700,11700,-178.98039516140574
1701,11701,391.8425175864854
1702,11702,-308.94994109697944
1703,11703,-324.8362159483897
1704,11704,262.08713574306785
1705,11705,398.521064094041
1706,11706,-368.254880432962
1707,11707,-181.18251143785065
1708,11708,-166.41347208747612
1709,11709,68.98755258725282
1710,11710,-249.49012878431444
1711,11711,443.60337484329
1712,11712,13.650459883849365
1713,11713,-212.53037852371958
1714,11714,-27.915418712235695
1715,11715,-240.79982184571182
1716,11716,-142.88309144793845
1717,11717,-285.8343043909052
1718,11718,460.6316686800939
1719,11719,-225.10788029950768
1720,11720,97.8265193286185
1721,11721,350.5872568742843
1722,11722,378.82385166848877
1723,11723,-3.884845525270906
1724,11724,-260.94828856683716
1725,11725,-64.56158617381624
1726,11726,-270.6032841666925
1727,11727,-569.4207476943718
1728,11728,142.46838399487953
1729,11729,228.15231792746897
1730,11730,170.90589405270904
1731,11731,-88.7330059811665
1732,11732,179.58514596853036
1733,11733,176.78682556049336
1734,11734,-56.27057434824023
1735,11735,-185.8725872968273
1736,11736,100.4465873109693
1737,11737,-63.66217954558637
1738,11738,623.206113997124
1739,11739,-122.16898105378232
1740,11740,-216.57264126812433
1741,11741,-130.98097450073666
1742,11742,-293.8266585893766
1743,11743,167.92384362730107
1744,11744,9.259507593413845
1745,11745,-587.4956962603312
1746,11746,304.72480941847687
1747,11747,251.4635951168525
1748,11748,-304.06096774524497
1749,11749,108.04336957545914
1750,11750,-218.67189979790243
1751,11751,-105.13018388543617
1752,11752,121.35633108715791
1753,11753,-302.9640413485008
1754,11754,529.6616399285886
1755,11755,-224.55011115095382
1756,11756,688.8598020995781
1757,11757,121.6214084074834
1758,11758,495.8633096373995
1759,11759,-104.89700800321181
1760,11760,-39.40369282771347
1761,11761,-218.4339384089358
1762,11762,-242.07542923760516
1763,11763,328.46917366165036
1764,11764,-121.57062322437412
1765,11765,-351.961327236456
1766,11766,235.8965433600898
1767,11767,211.84331613383512
1768,11768,581.9859083831261
1769,11769,-187.81685176717556
1770,11770,-88.20353056281344
1771,11771,-121.26318282161364
1772,11772,-682.3449315356847
1773,11773,-61.4559935715824
1774,11774,69.00904133898239
1775,11775,132.89487284698933
1776,11776,41.646820743464296
1777,11777,-513.1698248834689
1778,11778,216.74344092334834
1779,11779,-533.8087878872981
1780,11780,-467.10306503157295
1781,11781,39.693989655147405
1782,11782,178.84483759017795
1783,11783,-255.91268436083203
1784,11784,468.69097201293766
1785,11785,-959.1458675174456
1786,11786,201.8625119158857
1787,11787,-282.56870707573876
1788,11788,-392.434951566603
1789,11789,-219.68775779803607
1790,11790,169.59302266781194
1791,11791,-21.895665769336432
1792,11792,-242.2799222872575
1793,11793,35.58886075134618
1794,11794,336.44033353004494
1795,11795,-63.33152033000679
1796,11796,-4.446048273788296
1797,11797,-312.31536571456047
1798,11798,14.581415571942795
1799,11799,-258.22351273455115
1800,11800,725.838791330286
1801,11801,-303.8280646204009
1802,11802,-726.1845220640328
1803,11803,93.42268369441399
1804,11804,92.79798258372098
1805,11805,342.41232925067413
1806,11806,856.1825394344164
1807,11807,-54.88314706218455
1808,11808,-213.13720641425365
1809,11809,-365.0835488849502
1810,11810,-733.4819620034941
1811,11811,-206.05838193577844
1812,11812,-418.2722352600793
1813,11813,358.80446947095305
1814,11814,-260.62234532466726
1815,11815,546.2345722587847
1816,11816,187.44948665602976
1817,11817,-22.033982900794992
1818,11818,88.73051702341286
1819,11819,-243.13847978487877
1820,11820,-41.37966627895459
1821,11821,-543.6240241200904
1822,11822,840.8060354669703
1823,11823,402.8242218186651
1824,11824,79.42070559550149
1825,11825,473.3897942639653
1826,11826,-57.645490046816974
1827,11827,210.1128672724437
1828,11828,-185.75745290110012
1829,11829,22.769138003585542
1830,11830,940.7468340773537
1831,11831,-442.70666780215623
1832,11832,-475.2447822521942
1833,11833,-339.9942839816208
1834,11834,541.646364730191
1835,11835,333.4990795646753
1836,11836,-765.4962533792766
1837,11837,91.19318918087085
1838,11838,164.45073228966342
1839,11839,274.6128331227402
1840,11840,263.18825389803754
1841,11841,303.62233467676515
1842,11842,-92.18952553795822
1843,11843,208.97371337568362
1844,11844,-170.03419050961784
1845,11845,41.55819635804738
1846,11846,-670.8313651099272
1847,11847,452.65937770407
1848,11848,741.8102612544469
1849,11849,420.55241150407244
1850,11850,400.3530024481788
1851,11851,-181.64239575564162
1852,11852,162.04635840200638
1853,11853,2.7480936093342794
1854,11854,534.6906446334301
1855,11855,145.05936874351352
1856,11856,245.63977352375355
1857,11857,192.70633663605068
1858,11858,486.573986371649
1859,11859,525.2699999852713
1860,11860,172.00159142779066
1861,11861,342.5619147140184
1862,11862,-338.44880989512336
1863,11863,99.971335043804
1864,11864,-176.9017178169021
1865,11865,316.4260102039341
1866,11866,-637.4632411206277
1867,11867,74.53335736390233
1868,11868,-319.60935418345093
1869,11869,-234.07357196963454
1870,11870,238.83176324556425
1871,11871,684.2995158543811
1872,11872,-273.39394690634447
1873,11873,229.49387382849676
1874,11874,-191.42805181835217
1875,11875,591.7365509012395
1876,11876,-357.71707695786796
1877,11877,279.34920279935386
1878,11878,16.385346982374823
1879,11879,1015.2321071191634
1880,11880,-44.24764867011585
1881,11881,-259.12038484959965
1882,11882,6.686312571180334
1883,11883,113.41765950025481
1884,11884,164.36906042910508
1885,11885,-219.79091064314272
1886,11886,-50.912150165225334
1887,11887,234.69378482921482
1888,11888,-225.74604715601401
1889,11889,-124.56806112022954
1890,11890,89.33080634586082
1891,11891,-24.039822321154183
1892,11892,949.8138509171494
1893,11893,21.685293242949168
1894,11894,-333.0669156217114
1895,11895,51.635266771128116
1896,11896,-328.7470589180697
1897,11897,-622.2335618237718
1898,11898,-406.8257232673682
1899,11899,-126.38083816157177
1900,11900,-298.35683404440925
1901,11901,-494.6324027328508
1902,11902,579.0223407583982
1903,11903,170.42489512238217
1904,11904,160.451272789015
1905,11905,-127.53245750921037
1906,11906,116.5126074916416
1907,11907,137.24483689523387
1908,11908,-1.2351263056276034
1909,11909,613.250818396626
1910,11910,435.23448086059386
1911,11911,160.3869671002343
1912,11912,-185.47388977035058
1913,11913,188.64065599401124
1914,11914,-610.5603513173603
1915,11915,23.71465718639921
1916,11916,-97.90469140459432
1917,11917,-120.61345408597168
1918,11918,353.0787173357877
1919,11919,-18.44288750529559
1920,11920,-120.28546893417465
1921,11921,15.39291010385693
1922,11922,185.80696804774496
1923,11923,845.6527630055821
1924,11924,349.459328770559
1925,11925,45.89263723696637
1926,11926,-7.237928751002924
1927,11927,-164.71617083395958
1928,11928,107.29963692985913
1929,11929,-99.6000997811489
1930,11930,48.61636926930516
1931,11931,41.19970604370515
1932,11932,661.6732170958692
1933,11933,305.958987949778
1934,11934,500.4110755868311
1935,11935,-231.160992175745
1936,11936,334.17773249932054
1937,11937,-326.4023426632579
1938,11938,-574.1806195838049
1939,11939,148.5408727094521
1940,11940,613.9878825912871
1941,11941,184.52036741988599
1942,11942,-216.10046725875617
1943,11943,-616.0735283229861
1944,11944,127.46984067427053
1945,11945,-96.88155439275012
1946,11946,-167.71203784394456
1947,11947,-349.94699488619136
1948,11948,6.614867126929349
1949,11949,543.2797064068867
1950,11950,-362.7810314683407
1951,11951,-330.05741949466494
1952,11952,347.0145487363184
1953,11953,526.4307732934475
1954,11954,-69.34252030456862
1955,11955,368.08942932477424
1956,11956,381.723719641739
1957,11957,345.8528403280855
1958,11958,-204.689813188622
1959,11959,157.89721831896517
1960,11960,-967.3833642179122
1961,11961,527.9548197579925
1962,11962,-338.84960578595553
1963,11963,609.1811386017577
1964,11964,381.11662058980033
1965,11965,-18.351583240230358
1966,11966,-92.24291830783248
1967,11967,-166.08686551614588
1968,11968,-173.93959945806176
1969,11969,-221.1373420431757
1970,11970,-228.37612245128562
1971,11971,198.06160680946016
1972,11972,-713.006476934304
1973,11973,-89.68186474183247
1974,11974,-480.0045701677826
1975,11975,-271.73339592270077
1976,11976,565.3236399366721
1977,11977,96.11148263233106
1978,11978,178.61335856961406
1979,11979,-61.17433245470541
1980,11980,-368.6916872400579
1981,11981,4.847746578177391
1982,11982,414.41382134440113
1983,11983,-760.3183167930518
1984,11984,84.91271532686088
1985,11985,-251.84732552028885
1986,11986,280.70758458952093
1987,11987,-391.25027825107713
1988,11988,608.4991171703751
1989,11989,-27.808460607211337
1990,11990,-123.41411926925741
1991,11991,-130.8292441940815
1992,11992,18.553068892600155
1993,11993,-433.1653758772143
1994,11994,-303.70912611646503
1995,11995,464.71525498508004
1996,11996,496.4853344672795
1997,11997,-35.13540941579676
1998,11998,-131.67918453438617
1999,11999,417.2691546213338
